 -6.0000000e+003  3.0000000e+002 -5.0000000e-001  2.0000000e-001  4.1910170e-005  1.3966166e-005  1.0010003e-004  0.0000000e+000
 -6.0065895e+003  3.0264835e+002 -5.1794214e-001  3.0577113e-001  2.1095212e-003  6.5834397e-004  2.2477449e-003  1.0666667e+001
 -6.0133533e+003  3.0641680e+002 -5.3293516e-001  4.1138138e-001  2.2785573e-003  6.5172010e-004  2.4078045e-003  2.1333333e+001
 -6.0202595e+003  3.1130344e+002 -5.4498760e-001  5.1678754e-001  2.5073175e-003  6.5282818e-004  2.6287488e-003  3.2000000e+001
 -6.0272768e+003  3.1730597e+002 -5.5411066e-001  6.2195957e-001  2.7709108e-003  6.5136507e-004  2.8842394e-003  4.2666667e+001
 -6.0343737e+003  3.2442163e+002 -5.6030504e-001  7.2683916e-001  3.0773477e-003  6.4654476e-004  3.1822959e-003  5.3333333e+001
 -6.0415188e+003  3.3264724e+002 -5.6358817e-001  8.3140248e-001  3.4372252e-003  6.3730361e-004  3.5335358e-003  6.4000000e+001
 -6.0486811e+003  3.4197926e+002 -5.6396952e-001  9.3560916e-001  3.8648486e-003  6.2217559e-004  3.9523026e-003  7.4666667e+001
 -6.0558293e+003  3.5241375e+002 -5.6146067e-001  1.0394209e+000  4.3799898e-003  5.9909618e-004  4.4584346e-003  8.5333333e+001
 -6.0629326e+003  3.6394636e+002 -5.5608216e-001  1.1428016e+000  5.0107576e-003  5.6508321e-004  5.0801520e-003  9.6000000e+001
 -6.0699603e+003  3.7657238e+002 -5.4784918e-001  1.2457158e+000  5.7985020e-003  5.1569380e-004  5.8589910e-003  1.0666667e+002
 -6.0768818e+003  3.9028672e+002 -5.3678094e-001  1.3481269e+000  6.8066683e-003  4.4404815e-004  6.8587116e-003  1.1733333e+002
 -6.0836670e+003  4.0508389e+002 -5.2289853e-001  1.4500011e+000  8.1378666e-003  3.3894986e-004  8.1824704e-003  1.2800000e+002
 -6.0902857e+003  4.2095809e+002 -5.0622156e-001  1.5513045e+000  9.9695885e-003  1.8094509e-004  1.0008753e-002  1.3866667e+002
 -6.0967082e+003  4.3790313e+002 -4.8677511e-001  1.6520028e+000  1.2637448e-002 -6.6890714e-005  1.2675124e-002  1.4933333e+002
 -6.1029049e+003  4.5591248e+002 -4.6457396e-001  1.7520629e+000  1.6860756e-002 -4.8395844e-004  1.6905177e-002  1.6000000e+002
 -6.1088464e+003  4.7497925e+002 -4.3963066e-001  1.8514512e+000  2.4508920e-002 -1.2770694e-003  2.4579625e-002  1.7066667e+002
 -6.1145033e+003  4.9509618e+002 -4.1192833e-001  1.9501311e+000  4.2436934e-002 -3.2051400e-003  4.2595235e-002  1.8133333e+002
 -6.1198446e+003  5.1625548e+002 -3.8120143e-001  2.0480354e+000  1.3410962e-001 -1.3275231e-002  1.3480248e-001  1.9200000e+002
 -6.1242784e+003  5.3838008e+002 -2.4256747e-001  2.1315315e+000  2.9684048e+001 -3.6374413e+000  2.9906119e+001  2.0266667e+002
 -6.1266592e+003  5.6128052e+002  2.8987972e-003  2.1938978e+000  2.9652400e+001 -4.3341280e+000  2.9967511e+001  2.1333333e+002
 -6.1263918e+003  5.8477795e+002  2.4941593e-001  2.2448760e+000  2.9555916e+001 -5.0218575e+000  2.9979550e+001  2.2400000e+002
 -6.1235023e+003  6.0875439e+002  4.9637062e-001  2.2845606e+000  2.9436879e+001 -5.7049513e+000  2.9984638e+001  2.3466667e+002
 -6.1179732e+003  6.3308860e+002  7.4331270e-001  2.3130274e+000  2.9300039e+001 -6.3835684e+000  2.9987405e+001  2.4533333e+002
 -6.1098068e+003  6.5766149e+002  9.8982410e-001  2.3303627e+000  2.9146802e+001 -7.0575017e+000  2.9989109e+001  2.5600000e+002
 -6.0990097e+003  6.8235493e+002  1.2354965e+000  2.3366633e+000  2.8977811e+001 -7.7264641e+000  2.9990232e+001  2.6666667e+002
 -6.0855927e+003  7.0705191e+002  1.4799325e+000  2.3320345e+000  2.8793458e+001 -8.3901458e+000  2.9990999e+001  2.7733333e+002
 -6.0695712e+003  7.3163658e+002  1.7227354e+000  2.3165939e+000  2.8594035e+001 -9.0482305e+000  2.9991525e+001  2.8800000e+002
 -6.0509645e+003  7.5599437e+002  1.9635256e+000  2.2904641e+000  2.8379791e+001 -9.7004023e+000  2.9991875e+001  2.9866667e+002
 -6.0297959e+003  7.8001211e+002  2.2019207e+000  2.2537804e+000  2.8150954e+001 -1.0346348e+001  2.9992088e+001  3.0933333e+002
 -6.0060928e+003  8.0357808e+002  2.4375569e+000  2.2066837e+000  2.7907741e+001 -1.0985757e+001  2.9992184e+001  3.2000000e+002
 -5.9798865e+003  8.2658214e+002  2.6700731e+000  2.1493238e+000  2.7650365e+001 -1.1618325e+001  2.9992173e+001  3.3066667e+002
 -5.9512121e+003  8.4891578e+002  2.8991142e+000  2.0818598e+000  2.7379038e+001 -1.2243749e+001  2.9992054e+001  3.4133333e+002
 -5.9201083e+003  8.7047221e+002  3.1243381e+000  2.0044563e+000  2.7093966e+001 -1.2861730e+001  2.9991821e+001  3.5200000e+002
 -5.8866176e+003  8.9114647e+002  3.3454094e+000  1.9172867e+000  2.6795356e+001 -1.3471971e+001  2.9991455e+001  3.6266667e+002
 -5.8507860e+003  9.1083546e+002  3.5620007e+000  1.8205309e+000  2.6483405e+001 -1.4074173e+001  2.9990921e+001  3.7333333e+002
 -5.8126628e+003  9.2943805e+002  3.7737960e+000  1.7143751e+000  2.6158299e+001 -1.4668031e+001  2.9990164e+001  3.8400000e+002
 -5.7723007e+003  9.4685511e+002  3.9804865e+000  1.5990131e+000  2.5820192e+001 -1.5253219e+001  2.9989085e+001  3.9466667e+002
 -5.7297558e+003  9.6298964e+002  4.1817753e+000  1.4746424e+000  2.5469182e+001 -1.5829369e+001  2.9987504e+001  4.0533333e+002
 -5.6850871e+003  9.7774679e+002  4.3773660e+000  1.3414734e+000  2.5105225e+001 -1.6396008e+001  2.9985056e+001  4.1600000e+002
 -5.6383569e+003  9.9103396e+002  4.5669773e+000  1.1997185e+000  2.4727897e+001 -1.6952364e+001  2.9980890e+001  4.2666667e+002
 -5.5896304e+003  1.0027609e+003  4.7503230e+000  1.0496063e+000  2.4335435e+001 -1.7496614e+001  2.9972440e+001  4.3733333e+002
 -5.5389761e+003  1.0128401e+003  4.9270900e+000  8.9140133e-001  2.3918027e+001 -1.8020587e+001  2.9946883e+001  4.4800000e+002
 -5.4866873e+003  1.0213614e+003  5.0556510e+000  7.5841263e-001  1.1837082e+001 -9.3395041e+000  1.5077930e+001  4.5866667e+002
 -5.4334883e+003  1.0287900e+003  5.0968079e+000  6.8761555e-001  5.6229441e-002 -4.6432250e-002  7.2959882e-002  4.6933333e+002
 -5.3800735e+003  1.0356363e+003  5.0949568e+000  6.5003359e-001  2.6902269e-002 -2.3239827e-002  3.5587577e-002  4.8000000e+002
 -5.3266757e+003  1.0420810e+003  5.0922827e+000  6.1284546e-001  1.7099489e-002 -1.5447387e-002  2.3081072e-002  4.9066667e+002
 -5.2733030e+003  1.0481282e+003  5.0888867e+000  5.7599718e-001  1.2219902e-002 -1.1541122e-002  1.6845777e-002  5.0133333e+002
 -5.2199628e+003  1.0537816e+003  5.0848087e+000  5.3948062e-001  9.3145343e-003 -9.1953739e-003  1.3126112e-002  5.1200000e+002
 -5.1666623e+003  1.0590449e+003  5.0800712e+000  5.0330040e-001  7.3963228e-003 -7.6314948e-003  1.0664951e-002  5.2266667e+002
 -5.1134084e+003  1.0639219e+003  5.0746931e+000  4.6746334e-001  6.0413612e-003 -6.5149209e-003  8.9223422e-003  5.3333333e+002
 -5.0602078e+003  1.0684163e+003  5.0686927e+000  4.3197664e-001  5.0374997e-003 -5.6780926e-003  7.6280136e-003  5.4400000e+002
 -5.0070670e+003  1.0725321e+003  5.0620862e+000  3.9684784e-001  4.2668626e-003 -5.0278159e-003  6.6317590e-003  5.5466667e+002
 -4.9539925e+003  1.0762732e+003  5.0548856e+000  3.6208787e-001  3.6587604e-003 -4.5081305e-003  5.8434731e-003  5.6533333e+002
 -4.9009904e+003  1.0796438e+003  5.0471078e+000  3.2770318e-001  3.1682567e-003 -4.0834060e-003  5.2058551e-003  5.7600000e+002
 -4.8480668e+003  1.0826479e+003  5.0387685e+000  2.9370007e-001  2.7654403e-003 -3.7298804e-003  4.6807469e-003  5.8666667e+002
 -4.7952276e+003  1.0852899e+003  5.0298806e+000  2.6008820e-001  2.4296451e-003 -3.4310995e-003  4.2417704e-003  5.9733333e+002
 -4.7424786e+003  1.0875740e+003  5.0204575e+000  2.2687508e-001  2.1461457e-003 -3.1753095e-003  3.8701189e-003  6.0800000e+002
 -4.6898255e+003  1.0895047e+003  5.0105145e+000  1.9406620e-001  1.9041738e-003 -2.9538909e-003  3.5520309e-003  6.1866667e+002
 -4.6372736e+003  1.0910864e+003  5.0000657e+000  1.6166862e-001  1.6956794e-003 -2.7603799e-003  3.2772108e-003  6.2933333e+002
 -4.5848284e+003  1.0923235e+003  4.9891261e+000  1.2968650e-001  1.5145284e-003 -2.5898345e-003  3.0378077e-003  6.4000000e+002
 -4.5324950e+003  1.0932208e+003  4.9777081e+000  9.8126863e-002  1.3559684e-003 -2.4384120e-003  2.8277337e-003  6.5066667e+002
 -4.4802784e+003  1.0937828e+003  4.9658287e+000  6.6991525e-002  1.2162634e-003 -2.3030796e-003  2.6421986e-003  6.6133333e+002
 -4.4281835e+003  1.0940142e+003  4.9534997e+000  3.6288401e-002  1.0924377e-003 -2.1814121e-003  2.4773841e-003  6.7200000e+002
 -4.3762150e+003  1.0939196e+003  4.9407347e+000  6.0224467e-003  9.8209398e-004 -2.0714471e-003  2.3302107e-003  6.8266667e+002
 -4.3243776e+003  1.0935039e+003  4.9275489e+000 -2.3806260e-002  8.8328062e-004 -1.9715797e-003  2.1981690e-003  6.9333333e+002
 -4.2726756e+003  1.0927719e+003  4.9139554e+000 -5.3193614e-002  7.9439368e-004 -1.8804850e-003  2.0791945e-003  7.0400000e+002
 -4.2211134e+003  1.0917284e+003  4.8999663e+000 -8.2134195e-002  7.1410377e-004 -1.7970593e-003  1.9715748e-003  7.1466667e+002
 -4.1696952e+003  1.0903782e+003  4.8855975e+000 -1.1062820e-001  6.4130039e-004 -1.7203764e-003  1.8738776e-003  7.2533333e+002
 -4.1184248e+003  1.0887262e+003  4.8708615e+000 -1.3867364e-001  5.7504929e-004 -1.6496527e-003  1.7848971e-003  7.3600000e+002
 -4.0673064e+003  1.0867772e+003  4.8557707e+000 -1.6626829e-001  5.1455926e-004 -1.5842215e-003  1.7036108e-003  7.4666667e+002
 -4.0163434e+003  1.0845362e+003  4.8403392e+000 -1.9340898e-001  4.5915616e-004 -1.5235115e-003  1.6291471e-003  7.5733333e+002
 -3.9655397e+003  1.0820082e+003  4.8245790e+000 -2.2009632e-001  4.0826234e-004 -1.4670307e-003  1.5607582e-003  7.6800000e+002
 -3.9148985e+003  1.0791979e+003  4.8085045e+000 -2.4633219e-001  3.6138026e-004 -1.4143528e-003  1.4977997e-003  7.7866667e+002
 -3.8644234e+003  1.0761104e+003  4.7921248e+000 -2.7210874e-001  3.1807923e-004 -1.3651070e-003  1.4397134e-003  7.8933333e+002
 -3.8141174e+003  1.0727506e+003  4.7754546e+000 -2.9743086e-001  2.7798473e-004 -1.3189690e-003  1.3860137e-003  8.0000000e+002
 -3.7639837e+003  1.0691234e+003  4.7585052e+000 -3.2229725e-001  2.4076969e-004 -1.2756541e-003  1.3362760e-003  8.1066667e+002
 -3.7140253e+003  1.0652337e+003  4.7412911e+000 -3.4671085e-001  2.0614728e-004 -1.2349112e-003  1.2901284e-003  8.2133333e+002
 -3.6642448e+003  1.0610865e+003  4.7238203e+000 -3.7066881e-001  1.7386504e-004 -1.1965180e-003  1.2472432e-003  8.3200000e+002
 -3.6146451e+003  1.0566866e+003  4.7061063e+000 -3.9417304e-001  1.4369988e-004 -1.1602773e-003  1.2073309e-003  8.4266667e+002
 -3.5652287e+003  1.0520390e+003  4.6881612e+000 -4.1722718e-001  1.1545405e-004 -1.1260131e-003  1.1701351e-003  8.5333333e+002
 -3.5159981e+003  1.0471485e+003  4.6699939e+000 -4.3982940e-001  8.8951621e-005 -1.0935682e-003  1.1354279e-003  8.6400000e+002
 -3.4669557e+003  1.0420200e+003  4.6516150e+000 -4.6197846e-001  6.4035617e-005 -1.0628015e-003  1.1030061e-003  8.7466667e+002
 -3.4181036e+003  1.0366584e+003  4.6330396e+000 -4.8368440e-001  4.0565521e-005 -1.0335862e-003  1.0726883e-003  8.8533333e+002
 -3.3694440e+003  1.0310684e+003  4.6142748e+000 -5.0494570e-001  1.8415187e-005 -1.0058080e-003  1.0443117e-003  8.9600000e+002
 -3.3209789e+003  1.0252548e+003  4.5953320e+000 -5.2576689e-001 -2.5289543e-006 -9.7936349e-004  1.0177303e-003  9.0666667e+002
 -3.2727102e+003  1.0192223e+003  4.5762217e+000 -5.4614577e-001 -2.2369439e-005 -9.5415892e-004  9.9281269e-004  9.1733333e+002
 -3.2246397e+003  1.0129758e+003  4.5569522e+000 -5.6608679e-001 -4.1199088e-005 -9.3010916e-004  9.6944046e-004  9.2800000e+002
 -3.1767690e+003  1.0065199e+003  4.5375332e+000 -5.8559357e-001 -5.9102161e-005 -9.0713670e-004  9.4750656e-004  9.3866667e+002
 -3.1290998e+003  9.9985931e+002  4.5179761e+000 -6.0466983e-001 -7.6155340e-005 -8.8517080e-004  9.2691418e-004  9.4933333e+002
 -3.0816336e+003  9.9299860e+002  4.4982891e+000 -6.2331595e-001 -9.2428600e-005 -8.6414680e-004  9.0757558e-004  9.6000000e+002
 -3.0343717e+003  9.8594241e+002  4.4784800e+000 -6.4153647e-001 -1.0798596e-004 -8.4400544e-004  8.8941116e-004  9.7066667e+002
 -2.9873155e+003  9.7869526e+002  4.4585602e+000 -6.5933776e-001 -1.2288615e-004 -8.2469235e-004  8.7234859e-004  9.8133333e+002
 -2.9404661e+003  9.7126171e+002  4.4385370e+000 -6.7671854e-001 -1.3718317e-004 -8.0615752e-004  8.5632211e-004  9.9200000e+002
 -2.8938246e+003  9.6364624e+002  4.4184181e+000 -6.9368453e-001 -1.5092685e-004 -7.8835489e-004  8.4127185e-004  1.0026667e+003
 -2.8473922e+003  9.5585329e+002  4.3982133e+000 -7.1023907e-001 -1.6416323e-004 -7.7124196e-004  8.2714332e-004  1.0133333e+003
 -2.8011696e+003  9.4788725e+002  4.3779295e+000 -7.2638754e-001 -1.7693505e-004 -7.5477945e-004  8.1388683e-004  1.0240000e+003
 -2.7551579e+003  9.3975247e+002  4.3575741e+000 -7.4213505e-001 -1.8928202e-004 -7.3893102e-004  8.0145714e-004  1.0346667e+003
 -2.7093577e+003  9.3145326e+002  4.3371553e+000 -7.5748036e-001 -2.0124120e-004 -7.2366295e-004  7.8981300e-004  1.0453333e+003
 -2.6637698e+003  9.2299389e+002  4.3166806e+000 -7.7243233e-001 -2.1284728e-004 -7.0894397e-004  7.7891686e-004  1.0560000e+003
 -2.6183947e+003  9.1437857e+002  4.2961565e+000 -7.8699434e-001 -2.2413281e-004 -6.9474499e-004  7.6873454e-004  1.0666667e+003
 -2.5732331e+003  9.0561147e+002  4.2755896e+000 -8.0117062e-001 -2.3512846e-004 -6.8103893e-004  7.5923497e-004  1.0773333e+003
 -2.5282854e+003  8.9669670e+002  4.2549882e+000 -8.1496412e-001 -2.4586323e-004 -6.6780055e-004  7.5038997e-004  1.0880000e+003
 -2.4835519e+003  8.8763835e+002  4.2343578e+000 -8.2838013e-001 -2.5636462e-004 -6.5500628e-004  7.4217403e-004  1.0986667e+003
 -2.4390331e+003  8.7844043e+002  4.2137045e+000 -8.4142444e-001 -2.6665885e-004 -6.4263412e-004  7.3456412e-004  1.1093333e+003
 -2.3947292e+003  8.6910693e+002  4.1930350e+000 -8.5409920e-001 -2.7677098e-004 -6.3066346e-004  7.2753955e-004  1.1200000e+003
 -2.3506404e+003  8.5964177e+002  4.1723537e+000 -8.6641128e-001 -2.8672512e-004 -6.1907499e-004  7.2108181e-004  1.1306667e+003
 -2.3067668e+003  8.5004883e+002  4.1516694e+000 -8.7836334e-001 -2.9654452e-004 -6.0785061e-004  7.1517450e-004  1.1413333e+003
 -2.2631085e+003  8.4033193e+002  4.1309853e+000 -8.8996030e-001 -3.0625171e-004 -5.9697332e-004  7.0980315e-004  1.1520000e+003
 -2.2196656e+003  8.3049486e+002  4.1103079e+000 -9.0120832e-001 -3.1586869e-004 -5.8642713e-004  7.0495520e-004  1.1626667e+003
 -2.1764379e+003  8.2054133e+002  4.0896418e+000 -9.1211071e-001 -3.2541696e-004 -5.7619702e-004  7.0061991e-004  1.1733333e+003
 -2.1334255e+003  8.1047501e+002  4.0689918e+000 -9.2267160e-001 -3.3491775e-004 -5.6626879e-004  6.9678830e-004  1.1840000e+003
 -2.0906281e+003  8.0029954e+002  4.0483646e+000 -9.3289737e-001 -3.4439203e-004 -5.5662908e-004  6.9345309e-004  1.1946667e+003
 -2.0480455e+003  7.9001849e+002  4.0277637e+000 -9.4278951e-001 -3.5386072e-004 -5.4726526e-004  6.9060871e-004  1.2053333e+003
 -2.0056776e+003  7.7963539e+002  4.0071915e+000 -9.5235654e-001 -3.6334474e-004 -5.3816540e-004  6.8825127e-004  1.2160000e+003
 -1.9635240e+003  7.6915370e+002  3.9866540e+000 -9.6160239e-001 -3.7286520e-004 -5.2931821e-004  6.8637855e-004  1.2266667e+003
 -1.9215844e+003  7.5857684e+002  3.9661573e+000 -9.7052934e-001 -3.8244344e-004 -5.2071298e-004  6.8499000e-004  1.2373333e+003
 -1.8798583e+003  7.4790818e+002  3.9457022e+000 -9.7914470e-001 -3.9210124e-004 -5.1233955e-004  6.8408682e-004  1.2480000e+003
 -1.8383455e+003  7.3715104e+002  3.9252943e+000 -9.8745322e-001 -4.0186090e-004 -5.0418828e-004  6.8367195e-004  1.2586667e+003
 -1.7970453e+003  7.2630867e+002  3.9049375e+000 -9.9545675e-001 -4.1174543e-004 -4.9625001e-004  6.8375014e-004  1.2693333e+003
 -1.7559574e+003  7.1538431e+002  3.8846348e+000 -1.0031625e+000 -4.2177866e-004 -4.8851600e-004  6.8432804e-004  1.2800000e+003
 -1.7150811e+003  7.0438110e+002  3.8643899e+000 -1.0105744e+000 -4.3198543e-004 -4.8097794e-004  6.8541431e-004  1.2906667e+003
 -1.6744160e+003  6.9330220e+002  3.8442044e+000 -1.0176959e+000 -4.4239178e-004 -4.7362787e-004  6.8701968e-004  1.3013333e+003
 -1.6339613e+003  6.8215063e+002  3.8240854e+000 -1.0245335e+000 -4.5302515e-004 -4.6645820e-004  6.8915714e-004  1.3120000e+003
 -1.5937164e+003  6.7092944e+002  3.8040342e+000 -1.0310900e+000 -4.6391456e-004 -4.5946167e-004  6.9184211e-004  1.3226667e+003
 -1.5536806e+003  6.5964158e+002  3.7840534e+000 -1.0373716e+000 -4.7509095e-004 -4.5263129e-004  6.9509259e-004  1.3333333e+003
 -1.5138533e+003  6.4828998e+002  3.7641455e+000 -1.0433821e+000 -4.8658735e-004 -4.4596035e-004  6.9892944e-004  1.3440000e+003
 -1.4742336e+003  6.3687750e+002  3.7443131e+000 -1.0491261e+000 -4.9843929e-004 -4.3944241e-004  7.0337663e-004  1.3546667e+003
 -1.4348208e+003  6.2540698e+002  3.7245600e+000 -1.0546056e+000 -5.1068510e-004 -4.3307122e-004  7.0846154e-004  1.3653333e+003
 -1.3956142e+003  6.1388118e+002  3.7048877e+000 -1.0598292e+000 -5.2336634e-004 -4.2684077e-004  7.1421538e-004  1.3760000e+003
 -1.3566128e+003  6.0230285e+002  3.6852991e+000 -1.0647973e+000 -5.3652829e-004 -4.2074521e-004  7.2067359e-004  1.3866667e+003
 -1.3178158e+003  5.9067466e+002  3.6657953e+000 -1.0695166e+000 -5.5022046e-004 -4.1477884e-004  7.2787635e-004  1.3973333e+003
 -1.2792224e+003  5.7899924e+002  3.6463795e+000 -1.0739925e+000 -5.6449725e-004 -4.0893612e-004  7.3586920e-004  1.4080000e+003
 -1.2408317e+003  5.6727918e+002  3.6270524e+000 -1.0782279e+000 -5.7941865e-004 -4.0321159e-004  7.4470374e-004  1.4186667e+003
 -1.2026426e+003  5.5551700e+002  3.6078195e+000 -1.0822265e+000 -5.9505117e-004 -3.9759989e-004  7.5443848e-004  1.4293333e+003
 -1.1646544e+003  5.4371522e+002  3.5886785e+000 -1.0859927e+000 -6.1146878e-004 -3.9209572e-004  7.6513980e-004  1.4400000e+003
 -1.1268660e+003  5.3187629e+002  3.5696342e+000 -1.0895312e+000 -6.2875417e-004 -3.8669380e-004  7.7688318e-004  1.4506667e+003
 -1.0892765e+003  5.2000261e+002  3.5506862e+000 -1.0928430e+000 -6.4700019e-004 -3.8138886e-004  7.8975456e-004  1.4613333e+003
 -1.0518848e+003  5.0809657e+002  3.5318355e+000 -1.0959366e+000 -6.6631151e-004 -3.7617556e-004  8.0385212e-004  1.4720000e+003
 -1.0146899e+003  4.9616049e+002  3.5130855e+000 -1.0988132e+000 -6.8680679e-004 -3.7104850e-004  8.1928825e-004  1.4826667e+003
 -9.7769090e+002  4.8419663e+002  3.4944382e+000 -1.1014781e+000 -7.0862111e-004 -3.6600213e-004  8.3619213e-004  1.4933333e+003
 -9.4088666e+002  4.7220724e+002  3.4758909e+000 -1.1039347e+000 -7.3190912e-004 -3.6103072e-004  8.5471273e-004  1.5040000e+003
 -9.0427616e+002  4.6019453e+002  3.4574476e+000 -1.1061851e+000 -7.5684875e-004 -3.5612827e-004  8.7502263e-004  1.5146667e+003
 -8.6785829e+002  4.4816064e+002  3.4391106e+000 -1.1082361e+000 -7.8364597e-004 -3.5128844e-004  8.9732264e-004  1.5253333e+003
 -8.3163203e+002  4.3610769e+002  3.4208777e+000 -1.1100902e+000 -8.1254061e-004 -3.4650445e-004  9.2184771e-004  1.5360000e+003
 -7.9559627e+002  4.2403775e+002  3.4027505e+000 -1.1117513e+000 -8.4381375e-004 -3.4176892e-004  9.4887425e-004  1.5466667e+003
 -7.5974990e+002  4.1195286e+002  3.3847328e+000 -1.1132223e+000 -8.7779713e-004 -3.3707376e-004  9.7872956e-004  1.5573333e+003
 -7.2409183e+002  3.9985502e+002  3.3668229e+000 -1.1145071e+000 -9.1488522e-004 -3.3240993e-004  1.0118038e-003  1.5680000e+003
 -6.8862091e+002  3.8774618e+002  3.3490250e+000 -1.1156079e+000 -9.5555090e-004 -3.2776717e-004  1.0485660e-003  1.5786667e+003
 -6.5333603e+002  3.7562829e+002  3.3313342e+000 -1.1165307e+000 -1.0003661e-003 -3.2313371e-004  1.0895841e-003  1.5893333e+003
 -6.1823605e+002  3.6350321e+002  3.3137545e+000 -1.1172780e+000 -1.0500296e-003 -3.1849574e-004  1.1355531e-003  1.6000000e+003
 -5.8331984e+002  3.5137279e+002  3.2962835e+000 -1.1178533e+000 -1.1054036e-003 -3.1383681e-004  1.1873320e-003  1.6106667e+003
 -5.4858626e+002  3.3923884e+002  3.2789258e+000 -1.1182601e+000 -1.1675657e-003 -3.0913704e-004  1.2459950e-003  1.6213333e+003
 -5.1403414e+002  3.2710313e+002  3.2616813e+000 -1.1185002e+000 -1.2378800e-003 -3.0437183e-004  1.3129031e-003  1.6320000e+003
 -4.7966232e+002  3.1496742e+002  3.2445502e+000 -1.1185781e+000 -1.3180999e-003 -2.9951028e-004  1.3898067e-003  1.6426667e+003
 -4.4546963e+002  3.0283340e+002  3.2275295e+000 -1.1184965e+000 -1.4105171e-003 -2.9451263e-004  1.4789948e-003  1.6533333e+003
 -4.1145492e+002  2.9070277e+002  3.2106237e+000 -1.1182586e+000 -1.5181861e-003 -2.8932660e-004  1.5835197e-003  1.6640000e+003
 -3.7761700e+002  2.7857714e+002  3.1938310e+000 -1.1178681e+000 -1.6452710e-003 -2.8388166e-004  1.7075431e-003  1.6746667e+003
 -3.4395473e+002  2.6645814e+002  3.1771507e+000 -1.1173264e+000 -1.7975991e-003 -2.7807991e-004  1.8568903e-003  1.6853333e+003
 -3.1046690e+002  2.5434735e+002  3.1605851e+000 -1.1166382e+000 -1.9835840e-003 -2.7178084e-004  2.0399739e-003  1.6960000e+003
 -2.7715235e+002  2.4224630e+002  3.1441329e+000 -1.1158056e+000 -2.2158411e-003 -2.6477476e-004  2.2694082e-003  1.7066667e+003
 -2.4400990e+002  2.3015650e+002  3.1277955e+000 -1.1148329e+000 -2.5141838e-003 -2.5673340e-004  2.5650072e-003  1.7173333e+003
 -2.1103837e+002  2.1807944e+002  3.1115690e+000 -1.1137207e+000 -2.9116136e-003 -2.4711131e-004  2.9597748e-003  1.7280000e+003
 -1.7823662e+002  2.0601657e+002  3.0954553e+000 -1.1124733e+000 -3.4674860e-003 -2.3492927e-004  3.5130723e-003  1.7386667e+003
 -1.4560349e+002  1.9396931e+002  3.0794482e+000 -1.1110924e+000 -4.3003860e-003 -2.1823365e-004  4.3434989e-003  1.7493333e+003
 -1.1313789e+002  1.8193906e+002  3.0635509e+000 -1.1095810e+000 -5.6865974e-003 -1.9247858e-004  5.7273741e-003  1.7600000e+003
 -8.0838705e+001  1.6992719e+002  3.0477542e+000 -1.1079414e+000 -8.4530513e-003 -1.4407756e-004  8.4917392e-003  1.7706667e+003
 -4.8705046e+001  1.5793505e+002  3.0320323e+000 -1.1061756e+000 -1.6716242e-002 -5.5337101e-006  1.6753642e-002  1.7813333e+003
 -1.6929867e+001  1.4596711e+002  2.9800648e+000 -1.1035694e+000 -1.0208289e+001  1.6572841e-001  1.0209672e+001  1.7920000e+003
  1.3724601e+001  1.3405188e+002  2.8214421e+000 -1.0962148e+000 -2.9972243e+001  9.8390341e-001  2.9988426e+001  1.8026667e+003
  4.2315120e+001  1.2225530e+002  2.5926315e+000 -1.0813742e+000 -2.9957723e+001  1.4788417e+000  2.9994239e+001  1.8133333e+003
  6.8469790e+001  1.1065342e+002  2.3642777e+000 -1.0600009e+000 -2.9931401e+001  1.9713208e+000  2.9996284e+001  1.8240000e+003
  9.2194287e+001  9.9315622e+001  2.1365378e+000 -1.0321489e+000 -2.9896118e+001  2.4608862e+000  2.9997268e+001  1.8346667e+003
  1.1349592e+002  8.8310708e+001  1.9095596e+000 -9.9787596e-001 -2.9852605e+001  2.9474719e+000  2.9997797e+001  1.8453333e+003
  1.3238352e+002  7.7706844e+001  1.6834800e+000 -9.5723950e-001 -2.9801288e+001  3.4311547e+000  2.9998196e+001  1.8560000e+003
  1.4886734e+002  6.7571589e+001  1.4584323e+000 -9.1029770e-001 -2.9742339e+001  3.9116054e+000  2.9998493e+001  1.8666667e+003
  1.6295945e+002  5.7974055e+001  1.2346168e+000 -8.5670060e-001 -2.9658367e+001  4.5044659e+000  2.9998519e+001  1.8773333e+003
  1.7467484e+002  4.8991546e+001  1.0123970e+000 -7.9526487e-001 -2.9521399e+001  5.3270444e+000  2.9998210e+001  1.8880000e+003
  1.8403302e+002  4.0714017e+001  7.9224366e-001 -7.2479958e-001 -2.9335606e+001  6.2661414e+000  2.9997408e+001  1.8986667e+003
  1.9105812e+002  3.3239737e+001  5.7455785e-001 -6.4493900e-001 -2.9117767e+001  7.2040795e+000  2.9995756e+001  1.9093333e+003
  1.9577834e+002  2.6668529e+001  3.5969234e-001 -5.5575282e-001 -2.8865380e+001  8.1380587e+000  2.9990673e+001  1.9200000e+003
  1.9825951e+002  2.1088645e+001  1.5435117e-001 -4.5936622e-001 -2.6799014e+001  8.5012522e+000  2.8115131e+001  1.9306667e+003
  1.9910874e+002  1.6396368e+001  5.3211221e-002 -3.8993322e-001 -1.8032322e-002  6.3570729e-003  1.9157817e-002  1.9413333e+003
  1.9939525e+002  1.2286849e+001  4.8347678e-002 -3.5067508e-001 -1.0228788e-002  3.9883817e-003  1.1016430e-002  1.9520000e+003
  1.9963500e+002  8.5965997e+000  4.4055185e-002 -3.1158091e-001 -8.1781254e-003  3.4985360e-003  8.9326760e-003  1.9626667e+003
  1.9983386e+002  5.3239140e+000  4.0296550e-002 -2.7264046e-001 -7.6697032e-003  3.5813842e-003  8.5023598e-003  1.9733333e+003
  1.9999742e+002  2.4671496e+000  3.7059158e-002 -2.3385212e-001 -8.2524377e-003  4.1861030e-003  9.2912076e-003  1.9840000e+003
  2.0000000e+002  3.0632918e-010  9.7220750e-003 -1.9976357e-001 -6.8967278e+000 -1.2922672e+000  7.0168037e+000  1.9946667e+003
  1.9960794e+002 -2.2107076e+000 -3.7369392e-002 -1.8595824e-001 -5.6405007e+000 -5.7834873e+000  8.0786872e+000  2.0053333e+003
  1.9873086e+002 -4.3755366e+000 -8.1644699e-002 -1.9142112e-001 -6.1147074e+000 -6.7935838e+000  9.1402258e+000  2.0160000e+003
  1.9739221e+002 -6.6039376e+000 -1.2427789e-001 -1.9813221e-001 -5.1570615e+000 -6.2386536e+000  8.0942629e+000  2.0266667e+003
  1.9563612e+002 -8.8783906e+000 -1.6025273e-001 -2.0032383e-001 -4.2372258e+000 -5.6129192e+000  7.0327576e+000  2.0373333e+003
  1.9353212e+002 -1.1148640e+001 -1.8984758e-001 -1.9760884e-001 -3.3744463e+000 -4.9257952e+000  5.9708361e+000  2.0480000e+003
  1.9114622e+002 -1.3360451e+001 -2.1343954e-001 -1.8962803e-001 -2.5781473e+000 -4.1773688e+000  4.9089366e+000  2.0586667e+003
  1.8854006e+002 -1.5455749e+001 -2.3146782e-001 -1.7602054e-001 -1.8572785e+000 -3.3689942e+000  3.8470653e+000  2.0693333e+003
  1.8577032e+002 -1.7372654e+001 -2.4443121e-001 -1.5643321e-001 -1.2205368e+000 -2.5035668e+000  2.7852791e+000  2.0800000e+003
  1.8288803e+002 -1.9045619e+001 -2.5288295e-001 -1.3053185e-001 -6.7536542e-001 -1.5857694e+000  1.7236369e+000  2.0906667e+003
  1.7993811e+002 -2.0405695e+001 -2.5742186e-001 -9.8012876e-002 -2.2789508e-001 -6.2189845e-001  6.6238081e-001  2.1013333e+003
  1.7695661e+002 -2.1388233e+001 -2.5911020e-001 -5.9984105e-002 -1.2661211e-003 -3.7601905e-003  4.0061543e-003  2.1120000e+003
  1.7396363e+002 -2.1961189e+001 -2.5989599e-001 -2.1449034e-002 -1.1059284e-001 -4.3590506e-001  4.4975506e-001  2.1226667e+003
  1.7096077e+002 -2.2150816e+001 -2.6129303e-001  1.1663701e-002 -2.9690991e-001 -1.4799351e+000  1.5094735e+000  2.1333333e+003
  1.6794157e+002 -2.2026888e+001 -2.6329727e-001  3.7117768e-002 -3.7993565e-001 -2.5424010e+000  2.5706927e+000  2.1440000e+003
  1.6490288e+002 -2.1671578e+001 -2.6527933e-001  5.4823019e-002 -3.6301216e-001 -3.6137994e+000  3.6320633e+000  2.1546667e+003
  1.6184812e+002 -2.1167738e+001 -2.6663898e-001  6.4741933e-002 -2.5109364e-001 -4.6865004e+000  4.6933227e+000  2.1653333e+003
  1.5878189e+002 -2.0598226e+001 -2.6775318e-001  6.6914318e-002 -3.1320195e-001 -5.7450280e+000  5.7536217e+000  2.1760000e+003
  1.5570249e+002 -2.0023073e+001 -2.6941604e-001  6.5581602e-002 -4.0120678e-001 -5.6313667e+000  5.6456905e+000  2.1866667e+003
  1.5260614e+002 -1.9462760e+001 -2.7122356e-001  6.3914086e-002 -3.4816906e-001 -5.8040953e+000  5.8145827e+000  2.1973333e+003
  1.4949430e+002 -1.8915634e+001 -2.7260952e-001  6.2891573e-002 -2.7570371e-001 -5.4155545e+000  5.4226197e+000  2.2080000e+003
  1.4637112e+002 -1.8375155e+001 -2.7363224e-001  6.2452035e-002 -2.4448065e-001 -5.6044702e+000  5.6098494e+000  2.2186667e+003
  1.4323990e+002 -1.7835995e+001 -2.7439882e-001  6.2430912e-002 -2.0042695e-001 -5.2614897e+000  5.2653523e+000  2.2293333e+003
  1.4010312e+002 -1.7294023e+001 -2.7495162e-001  6.2767741e-002 -1.8555969e-001 -5.4667811e+000  5.4699742e+000  2.2400000e+003
  1.3696263e+002 -1.6746161e+001 -2.7536860e-001  6.3325667e-002 -1.6119516e-001 -5.1620343e+000  5.1645935e+000  2.2506667e+003
  1.3381968e+002 -1.6190377e+001 -2.7568431e-001  6.4045509e-002 -1.5967407e-001 -5.3837774e+000  5.3861865e+000  2.2613333e+003
  1.3067501e+002 -1.5625590e+001 -2.7596128e-001  6.4807584e-002 -1.5018438e-001 -5.1127863e+000  5.1150318e+000  2.2720000e+003
  1.2752881e+002 -1.5051713e+001 -2.7623447e-001  6.5545927e-002 -1.6139912e-001 -5.3532099e+000  5.3556817e+000  2.2826667e+003
  1.2438081e+002 -1.4469620e+001 -2.7656057e-001  6.6145790e-002 -1.6466250e-001 -5.1148847e+000  5.1175727e+000  2.2933333e+003
  1.2123020e+002 -1.3881275e+001 -2.7698316e-001  6.6517887e-002 -1.9032209e-001 -5.3808056e+000  5.3842081e+000  2.3040000e+003
  1.1807563e+002 -1.3289800e+001 -2.7756075e-001  6.6533840e-002 -2.0624648e-001 -5.1792686e+000  5.1834109e+000  2.3146667e+003
  1.1491520e+002 -1.2699524e+001 -2.7833352e-001  6.6096433e-002 -2.4463943e-001 -5.4731872e+000  5.4786901e+000  2.3253333e+003
  1.1174687e+002 -1.2115336e+001 -2.7929410e-001  6.5196865e-002 -2.5425128e-001 -5.2751811e+000  5.2813438e+000  2.3360000e+003
  1.0856906e+002 -1.1541296e+001 -2.8035661e-001  6.3999775e-002 -2.7011060e-001 -5.5236441e+000  5.5302829e+000  2.3466667e+003
  1.0538113e+002 -1.0979664e+001 -2.8143651e-001  6.2677791e-002 -2.5277261e-001 -5.2778936e+000  5.2839810e+000  2.3573333e+003
  1.0218318e+002 -1.0431061e+001 -2.8247458e-001  6.1365852e-002 -2.5461552e-001 -5.4886520e+000  5.4945922e+000  2.3680000e+003
  9.8975619e+001 -9.8954458e+000 -2.8347541e-001  6.0053026e-002 -2.3607680e-001 -5.2462211e+000  5.2515676e+000  2.3786667e+003
  9.5758882e+001 -9.3726819e+000 -2.8442927e-001  5.8768221e-002 -2.3781516e-001 -5.4488956e+000  5.4541203e+000  2.3893333e+003
  9.2533363e+001 -8.8627103e+000 -2.8535344e-001  5.7468080e-002 -2.2173349e-001 -5.2188591e+000  5.2236049e+000  2.4000000e+003
  8.9299409e+001 -8.3655617e+000 -2.8623923e-001  5.6179052e-002 -2.2348000e-001 -5.4141782e+000  5.4188260e+000  2.4106667e+003
  8.6057348e+001 -7.8813144e+000 -2.8709947e-001  5.4865794e-002 -2.0868639e-001 -5.1942996e+000  5.1985275e+000  2.4213333e+003
  8.2807498e+001 -7.4100418e+000 -2.8792239e-001  5.3564480e-002 -2.0944415e-001 -5.3795596e+000  5.3836728e+000  2.4320000e+003
  7.9550193e+001 -6.9517732e+000 -2.8871755e-001  5.2247266e-002 -1.9515778e-001 -5.1677244e+000  5.1714458e+000  2.4426667e+003
  7.6285781e+001 -6.5064661e+000 -2.8947256e-001  5.0955378e-002 -1.9466877e-001 -5.3415125e+000  5.3450965e+000  2.4533333e+003
  7.3014613e+001 -6.0740487e+000 -2.9019920e-001  4.9653145e-002 -1.8166272e-001 -5.1398929e+000  5.1431402e+000  2.4640000e+003
  6.9736992e+001 -5.6545767e+000 -2.9089473e-001  4.8352231e-002 -1.8248953e-001 -5.3105020e+000  5.3136751e+000  2.4746667e+003
  6.6453097e+001 -5.2485402e+000 -2.9158567e-001  4.6959684e-002 -1.7485502e-001 -5.1351639e+000  5.1381784e+000  2.4853333e+003
  6.3162879e+001 -4.8572731e+000 -2.9228771e-001  4.5410087e-002 -1.8167978e-001 -5.3242698e+000  5.3274072e+000  2.4960000e+003
  5.9866163e+001 -4.4827373e+000 -2.9300949e-001  4.3651157e-002 -1.7402083e-001 -5.1639368e+000  5.1669074e+000  2.5066667e+003
  5.6564163e+001 -4.1214953e+000 -2.9347842e-001  4.2746782e-002 -1.0667827e-001 -5.0553320e+000  5.0564967e+000  2.5173333e+003
  5.3262807e+001 -3.7690164e+000 -2.9308829e-001  4.1837123e-002  6.8935586e-002 -5.1343413e+000  5.1348486e+000  2.5280000e+003
  4.9974686e+001 -3.4320106e+000 -2.9119771e-001  3.9674299e-002  3.1768129e-001 -5.3715671e+000  5.3810070e+000  2.5386667e+003
  4.6716063e+001 -3.1124678e+000 -2.8775006e-001  3.8392813e-002  5.1209355e-001 -4.8486494e+000  4.8756791e+000  2.5493333e+003
  4.3504908e+001 -2.8069800e+000 -2.8249051e-001  3.6869704e-002  8.2624643e-001 -5.3958586e+000  5.4588243e+000  2.5600000e+003
  4.0360656e+001 -2.5229474e+000 -2.7539911e-001  3.4201984e-002  1.0332902e+000 -5.1199602e+000  5.2232717e+000  2.5706667e+003
  3.7299979e+001 -2.2550826e+000 -2.6700236e-001  3.3673068e-002  1.1966588e+000 -4.7443171e+000  4.8930037e+000  2.5813333e+003
  3.4342280e+001 -2.0008120e+000 -2.5628089e-001  3.1486558e-002  1.6848548e+000 -5.5267163e+000  5.7779357e+000  2.5920000e+003
  3.1511916e+001 -1.7770165e+000 -2.4331408e-001  2.7794011e-002  1.8368652e+000 -5.1006441e+000  5.4214148e+000  2.6026667e+003
  2.8821030e+001 -1.5649038e+000 -2.3029698e-001  2.9138157e-002  1.7041006e+000 -4.0496417e+000  4.3936941e+000  2.6133333e+003
  2.6262941e+001 -1.2988340e+000 -2.1857453e-001  3.7757991e-002  1.4601619e+000 -2.9999927e+000  3.3366192e+000  2.6240000e+003
  2.3839229e+001 -9.3627729e-001 -2.0527649e-001  4.7070293e-002  2.1141735e+000 -3.7938117e+000  4.3433491e+000  2.6346667e+003
  2.1582338e+001 -5.0690497e-001 -1.8748677e-001  5.0120434e-002  2.6989706e+000 -4.6793196e+000  5.4020397e+000  2.6453333e+003
  1.9537460e+001 -8.0091119e-002 -1.6571405e-001  4.6427668e-002  3.2297643e+000 -5.5960168e+000  6.4612759e+000  2.6560000e+003
  1.7745647e+001  2.7143337e-001 -1.4022536e-001  3.5842679e-002  3.7595864e+000 -6.5128295e+000  7.5201462e+000  2.6666667e+003
  1.6244860e+001  4.7613759e-001 -1.1133174e-001  1.8739877e-002  4.2227982e+000 -7.3147380e+000  8.4462085e+000  2.6773333e+003
  1.5050892e+001  4.9924626e-001 -8.2862623e-002  1.6455851e-003  3.6944957e+000 -6.3994678e+000  7.3893997e+000  2.6880000e+003
  1.4140445e+001  3.7376741e-001 -5.8320113e-002 -9.2580228e-003  3.1644156e+000 -5.4811615e+000  6.3290769e+000  2.6986667e+003
  1.3471925e+001  1.6601980e-001 -3.7647582e-002 -1.3916517e-002  2.6340256e+000 -4.5624410e+000  5.2682431e+000  2.7093333e+003
  1.2965670e+001 -6.7890763e-002 -2.8044892e-002 -1.4280804e-002  7.3399137e-002 -4.2066535e+000  4.2073368e+000  2.7200000e+003
  1.2513534e+001 -2.7865133e-001 -2.7646923e-002 -9.6968712e-003  5.4888075e-002 -3.1460631e+000  3.1465830e+000  2.7306667e+003
  1.2066123e+001 -3.9979699e-001 -2.7296894e-002  2.3788717e-003  3.6384673e-002 -2.0859218e+000  2.0862786e+000  2.7413333e+003
  1.1623988e+001 -3.8981274e-001 -2.6812160e-002  1.4747590e-002  5.3031573e-002 -3.0395476e+000  3.0400484e+000  2.7520000e+003
  1.1189073e+001 -2.8557200e-001 -2.6114980e-002  1.9910448e-002  7.1140282e-002 -4.0769255e+000  4.0775840e+000  2.7626667e+003
  1.0763261e+001 -1.6546183e-001 -2.5275626e-002  1.7582792e-002  8.9172886e-002 -5.1099486e+000  5.1107645e+000  2.7733333e+003
  1.0347590e+001 -1.0550893e-001 -2.4380078e-002  8.4918733e-003  1.0372677e-001 -5.9436815e+000  5.9446245e+000  2.7840000e+003
  9.9416487e+000 -1.3996674e-001 -2.3598278e-002 -2.5682751e-004  8.7066962e-002 -4.9891879e+000  4.9899856e+000  2.7946667e+003
  9.5438046e+000 -2.3071040e-001 -2.2990956e-002 -2.1980635e-003  7.0063438e-002 -4.0150073e+000  4.0156567e+000  2.8053333e+003
  9.1525558e+000 -3.0529278e-001 -2.2489216e-002  2.6380502e-003  5.3559561e-002 -3.0694553e+000  3.0699606e+000  2.8160000e+003
  8.7676749e+000 -3.2303072e-001 -2.1937639e-002  8.3256195e-003  6.5493686e-002 -3.7531187e+000  3.7537282e+000  2.8266667e+003
  8.3901133e+000 -3.0577403e-001 -2.1270160e-002  9.0657487e-003  7.7301068e-002 -4.4295240e+000  4.4302366e+000  2.8373333e+003
  8.0205691e+000 -2.9094994e-001 -2.0578818e-002  7.7369311e-003  7.5184442e-002 -4.3082261e+000  4.3089203e+000  2.8480000e+003
  7.6589407e+000 -2.8264674e-001 -1.9920419e-002  7.7116644e-003  7.0533308e-002 -4.0417288e+000  4.0423824e+000  2.8586667e+003
  7.3050226e+000 -2.7109886e-001 -1.9267906e-002  8.2148451e-003  7.2205800e-002 -4.1375139e+000  4.1381822e+000  2.8693333e+003
  6.9588512e+000 -2.5721306e-001 -1.8604064e-002  8.0205159e-003  7.3542501e-002 -4.2140637e+000  4.2147436e+000  2.8800000e+003
  6.6204469e+000 -2.4514682e-001 -1.7944621e-002  7.7451903e-003  7.2208634e-002 -4.1376185e+000  4.1382869e+000  2.8906667e+003
  6.2897335e+000 -2.3398656e-001 -1.7292674e-002  7.7231481e-003  7.1917579e-002 -4.1209176e+000  4.1215835e+000  2.9013333e+003
  5.9666566e+000 -2.2253401e-001 -1.6642551e-002  7.6734513e-003  7.1958868e-002 -4.1232582e+000  4.1239245e+000  2.9120000e+003
  5.6511881e+000 -2.1123880e-001 -1.5994409e-002  7.5680602e-003  7.1808234e-002 -4.1146050e+000  4.1152699e+000  2.9226667e+003
  5.3432913e+000 -2.0037037e-001 -1.5349500e-002  7.4687946e-003  7.1551361e-002 -4.0998665e+000  4.1005293e+000  2.9333333e+003
  5.0429235e+000 -1.8979519e-001 -1.4707842e-002  7.3893734e-003  7.1337382e-002 -4.0875867e+000  4.0882476e+000  2.9440000e+003
  4.7500445e+000 -1.7940174e-001 -1.4068991e-002  7.3119427e-003  7.1171231e-002 -4.0780479e+000  4.0787075e+000  2.9546667e+003
  4.4646175e+000 -1.6921928e-001 -1.3432823e-002  7.2279527e-003  7.1002514e-002 -4.0683632e+000  4.0690213e+000  2.9653333e+003
  4.1866056e+000 -1.5931184e-001 -1.2799406e-002  7.1394205e-003  7.0830018e-002 -4.0584629e+000  4.0591196e+000  2.9760000e+003
  3.9159716e+000 -1.4971470e-001 -1.2168808e-002  7.0497141e-003  7.0648344e-002 -4.0480376e+000  4.0486927e+000  2.9866667e+003
  3.6526767e+000 -1.4038123e-001 -1.1541186e-002  6.9708085e-003  7.0420859e-002 -4.0349887e+000  4.0356419e+000  2.9973333e+003
  3.3966828e+000 -1.3121143e-001 -1.0916341e-002  6.9007264e-003  7.0252278e-002 -4.0253151e+000  4.0259668e+000  3.0080000e+003
  3.1479559e+000 -1.2227531e-001 -1.0293774e-002  6.8095608e-003  7.0174158e-002 -4.0208247e+000  4.0214758e+000  3.0186667e+003
  2.9064636e+000 -1.1382712e-001 -9.6736796e-003  6.6926607e-003  7.0031621e-002 -4.0126445e+000  4.0132944e+000  3.0293333e+003
  2.6721641e+000 -1.0573627e-001 -9.0573760e-003  6.6268337e-003  6.9581985e-002 -3.9868712e+000  3.9875172e+000  3.0400000e+003
  2.4450084e+000 -9.7132704e-002 -8.4449940e-003  6.6739067e-003  6.9141113e-002 -3.9616006e+000  3.9622428e+000  3.0506667e+003
  2.2249746e+000 -8.8031141e-002 -7.8320217e-003  6.6061351e-003  6.9806312e-002 -3.9996973e+000  4.0003453e+000  3.0613333e+003
  2.0120782e+000 -8.1243180e-002 -7.2161084e-003  6.1268437e-003  7.0816319e-002 -4.0575485e+000  4.0582053e+000  3.0720000e+003
  1.8062585e+000 -7.7554092e-002 -6.6116409e-003  5.9126772e-003  6.8182290e-002 -3.9066335e+000  3.9072674e+000  3.0826667e+003
  1.6073060e+000 -6.7678398e-002 -6.0309140e-003  7.1752492e-003  6.3283424e-002 -3.6259665e+000  3.6265577e+000  3.0933333e+003
  1.4151294e+000 -4.0661127e-002 -5.4443804e-003  9.0158731e-003  6.5039717e-002 -3.7265738e+000  3.7271803e+000  3.1040000e+003
  1.2300119e+000 -3.7093578e-003 -4.8151689e-003  8.9278060e-003  7.2376576e-002 -4.1468919e+000  4.1475625e+000  3.1146667e+003
  1.0523934e+000  1.5969606e-002 -4.1477690e-003  5.6678159e-003  8.0200315e-002 -4.5951036e+000  4.5958426e+000  3.1253333e+003
  8.8222168e-001  1.3700167e-003 -3.5197634e-003  2.3921002e-003  7.2135826e-002 -4.1330798e+000  4.1337484e+000  3.1360000e+003
  7.1884802e-001 -3.0329374e-002 -2.9652624e-003  2.3539739e-003  6.4088843e-002 -3.6720593e+000  3.6726576e+000  3.1466667e+003
  5.6162507e-001 -4.3612577e-002 -2.4570564e-003  5.7382263e-003  5.5128983e-002 -3.1587401e+000  3.1592604e+000  3.1573333e+003
  4.1055408e-001 -2.0795877e-002 -1.9093132e-003  9.0163526e-003  6.4305753e-002 -3.6844673e+000  3.6850684e+000  3.1680000e+003
  2.6629261e-001  1.7532309e-002 -1.2850305e-003  8.5408992e-003  7.3145031e-002 -4.1908607e+000  4.1915385e+000  3.1786667e+003
  1.2946920e-001  3.1264370e-002 -6.1824770e-004  4.2996084e-003  8.2380809e-002 -4.7199765e+000  4.7207260e+000  3.1893333e+003
  0.0000000e+000  0.0000000e+000  0.0000000e+000  0.0000000e+000  7.3121595e-002 -4.1899548e+000  4.1906444e+000  3.2000000e+003
